structure(list(freq = c(0, 1, 2, 3, 4, 5, 6, 7, 8, 9, 10, 11, 
12, 13, 14, 15, 16, 17, 18, 19, 20, 21, 22, 23, 24, 25, 26, 27, 
28, 29, 30, 31, 32, 34, 35, 36, 37, 38, 39, 40, 42, 43, 45), 
    prob = c(0.00528246515040352, 0.185179750550257, 0.153778429933969, 
    0.155245781364637, 0.114159941305943, 0.0942039618488628, 
    0.0608950843727073, 0.0456346294937638, 0.0369772560528247, 
    0.027439471753485, 0.0208363903154806, 0.015553925165077, 
    0.0129126925898753, 0.00968451944240646, 0.00968451944240646, 
    0.00645634629493764, 0.00601614086573734, 0.00484225972120323, 
    0.00484225972120323, 0.00410858400586941, 0.00484225972120323, 
    0.00293470286133529, 0.00176082171680117, 0.00176082171680117, 
    0.00190755685986794, 0.00117388114453412, 0.00146735143066764, 
    0.00190755685986794, 0.00117388114453412, 0.00146735143066764, 
    0.00161408657373441, 0.00102714600146735, 0.000293470286133529, 
    0.000146735143066764, 0.000586940572267058, 0.000146735143066764, 
    0.000146735143066764, 0.000146735143066764, 0.000293470286133529, 
    0.000440205429200293, 0.000293470286133529, 0.000293470286133529, 
    0.000440205429200293)), .Names = c("freq", "prob"), row.names = c(NA, 
-43L), class = "data.frame")
