structure(c(0.733249691389574, 1.17751919826262, 7.86261074483444
), .Names = c("r", "N", "K"))
