structure(list(age = c(10.21, 14.81, 18.22, 17.58, 13.57, 14.14, 
13.83, 12.3, 9.21, 6.89), grp = structure(c(1L, 7L, 2L, 3L, 4L, 
5L, 6L, 8L, 9L, 10L), .Label = c("0–4", "10–14", "15–19", 
"20–29", "30–39", "40–49", "5–9", "50–59", "60–69", 
"70+"), class = "factor"), nmr = 1:10), .Names = c("age", "grp", 
"nmr"), row.names = c(NA, -10L), class = "data.frame")
